%YAML:1.0
cameras:
     - {T_SC:
        [ -0.99952504, 0.00750192, -0.02989013, 0.04557484,
           0.02961534, -0.03439736, -0.99896935, -0.0711618, 
          -0.00852233, -0.99938008, 0.03415885, -0.04468125,
          0.0, 0.0, 0.0, 1.0],
        image_dimension: [512, 512],
        distortion_coefficients: [0.0034823894022493434, 0.0007150348452162257, -0.0020532361418706202, 0.00020293673591811182],
        distortion_type: equidistant,
        focal_length: [190.97847715128717, 190.9733070521226],
        principal_point: [254.93170605935475, 256.8974428996504]}

     - {T_SC:
        [ -0.99951105, 0.00810408, -0.03019914, -0.05545634,
          0.03029912, 0.01251164, -0.99946257, -0.06925002, 
         -0.00772188, -0.99988889, -0.01275107, -0.04745286,
          0.0, 0.0, 0.0, 1.0],
        image_dimension: [512, 512],
        distortion_coefficients: [0.0034003170790442797, 0.001766278153469831, -0.00266312569781606, 0.0003299517423931039],
        distortion_type: equidistant,
        focal_length: [190.44236969414825, 190.4344384721956],
        principal_point: [252.59949716835982, 254.91723064636983]}


# additional camera parameters
camera_parameters:
    timestamp_tolerance: 0.005 # [s] stereo frame out-of-sync tolerance
    image_delay: 0.00 # [s] timestamp_camera_correct = timestamp_camera - image_delay
    online_calibration: # some parameters to set the online 
        do_extrinsics: false # Do we online-calibrate extrinsics?
        sigma_r: 0.001 # T_SCi position prior stdev [m] 
        sigma_alpha: 0.05 # T_SCi orientation prior stdev [rad]

imu_parameters:
    use: true
    a_max: 176.0 # acceleration saturation [m/s^2]
    g_max: 7.8 # gyro saturation [rad/s]
    #accelerometer_noise_density: 0.0028     # m/s^1.5
    #accelerometer_random_walk:   0.00086    # m/s^2.5
    #gyroscope_noise_density:     0.00016    # rad/s^0.5
    #gyroscope_random_walk:       0.000022   # rad/s^1.5
    #sigma_g_c: 0.004 #12.0e-4 # gyro noise density [rad/s/sqrt(Hz)]
    #sigma_a_c: 0.07 #8.0e-3 # accelerometer noise density [m/s^2/sqrt(Hz)]
    #sigma_bg: 0.01 # gyro bias prior [rad/s]
    #sigma_ba: 0.01 # accelerometer bias prior [m/s^2]
    #sigma_gw_c: 0.00044 # gyro drift noise density [rad/s^s/sqrt(Hz)]
    #sigma_aw_c: 0.006 # accelerometer drift noise density [m/s^2/sqrt(Hz)]
    sigma_g_c: 0.0016 #12.0e-4 # gyro noise density [rad/s/sqrt(Hz)]
    sigma_a_c: 0.028 #8.0e-3 # accelerometer noise density [m/s^2/sqrt(Hz)]
    sigma_bg: 0.01 # gyro bias prior [rad/s]
    sigma_ba: 0.1 # accelerometer bias prior [m/s^2]
    sigma_gw_c: 0.00022 # gyro drift noise density [rad/s^s/sqrt(Hz)]
    sigma_aw_c: 0.002 # accelerometer drift noise density [m/s^2/sqrt(Hz)]
    # Local gravity at 85748 Garching, Germany (latitude: 48.262768, elevation: 481m), according to https://www.sensorsone.com/local-gravity-calculator/
    g: 9.80766 # Earth's acceleration due to gravity [m/s^2]
    a0: [ 0.0441545,   -0.0260651,   -0.0283834 ] # Accelerometer bias [m/s^2]
    #a0: [ 0.00360974476144987,   -0.0102070272676367,   -0.0305450386273033]
    imu_rate: 200
    g0: [ 0.0, 0.0, 0.0 ] # initial gyro bias [rad/s]
    # tranform Body-Sensor (IMU)
    T_BS:
        [1.0000, 0.0000, 0.0000, 0.0000,
         0.0000, 1.0000, 0.0000, 0.0000,
         0.0000, 0.0000, 1.0000, 0.0000,
         0.0000, 0.0000, 0.0000, 1.0000]

# frontend: detection etc. 
frontend_parameters:
    detection_threshold: 34.0 # detection threshold. By default the uniformity radius in pixels
    absolute_threshold: 4.0 # absolute Harris corner threshold (noise floor)
    matching_threshold: 60.0 # BRISK descriptor matching threshold
    octaves: 0 # number of octaves for detection. 0 means single-scale at highest resolution
    max_num_keypoints: 900 # restrict to a maximum of this many keypoints per image (strongest ones)
    keyframe_overlap: 0.62 # minimum field-of-view overlap
    use_cnn: true # use the CNN (if available) to filter out dynamic content / sky
    parallelise_detection: true # Run parallel detect & describe.
    num_matching_threads: 4 # Parallelise matching with this number of threads.

# estimator parameters
estimator_parameters:
    num_keyframes: 5 # number of keyframes in optimisation window
    num_loop_closure_frames: 5 # number of loop closure frames in optimisation window
    num_imu_frames: 3 # number of frames linked by most recent nonlinear IMU error terms
    do_loop_closures: true # whether to do VI-SLAM or VIO
    do_final_ba: false # Whether to run a full final BA
    enforce_realtime: false # whether to limit the time budget for optimisation 
    realtime_min_iterations: 3 # minimum number of iterations always performed
    realtime_max_iterations: 10 # never do more than these, even if not converged
    realtime_time_limit: 0.035 # time budget for realtime optimisation [s]
    realtime_num_threads: 4 # number of threads for the realtime optimisation
    full_graph_iterations: 15 # don't do more than these for the full (background) optimisation
    full_graph_num_threads: 2 # number of threads for the full (background) optimisation

# some options for how and what to output
output_parameters:
    display_matches: false  # displays debug video and matches. May be slow.
    display_overhead: false # debug overhead image. Is slow.
    publish_imu_propagated_state: false # Should the state that is propagated with IMU messages be published or just the optimised ones?
    imu_propagated_state_publishing_rate: 40.0 # Limit propagated state publishing rate
