%YAML:1.0
cameras:
     - {T_SC:
        [ ##-0.99953071,  0.00744168, -0.02971511,  0.04536566,
          ##0.0294408,  -0.03459565, -0.99896766, -0.071996,
          ##-0.00846201, -0.99937369,  0.03436032, -0.04478181,
          -0.999475,  0.0110333, -0.0304514,  0.0453656,
           0.0300517, -0.0347501,  -0.998944, -0.0719952,
          -0.0120798,  -0.999335,  0.0344003, -0.0447801,
          #  -0.999533015334457,  0.0079893367315325,  -0.029494436000698,  0.0453592491002012,
          #   0.0292093304823189, -0.0337178315843403,  -0.999004465878919, -0.0719550564084825,
          #  -0.0089758714999581,  -0.999399458841079,  0.0334687226971089, -0.0448545311509069,
          0.0, 0.0, 0.0, 1.0],
        image_dimension: [512, 512],
        distortion_coefficients: [0.0034823894022493434, 0.0007150348452162257, -0.0020532361418706202, 0.00020293673591811182],
        distortion_type: equidistant,
        focal_length: [190.97847715128717, 190.9733070521226],
        principal_point: [254.93170605935475, 256.8974428996504]}

     - {T_SC:
        [ ##-0.99951678,  0.00803569, -0.03002713, -0.05566603,
          ##0.03012473,  0.01231336, -0.9994703,  -0.07010225,
          ##-0.0076617,  -0.9998919,  -0.01254948, -0.0475471,
          -0.999442,    0.01161,  -0.031321,  -0.055666,
           0.0314692,  0.0128096,  -0.999423, -0.0701031,
          -0.0112021,  -0.999851, -0.0131678, -0.0475489,
          #    -0.999512420128306,  0.00860264430925795,  -0.0300152714487987,  -0.0556579835443405,
          #    0.0301314297321288,   0.0137070009042469,   -0.999451957358886,   -0.070144589915226,
          #  -0.00818651034046023,   -0.999869047744303,  -0.0139595276190199,   -0.047476955343436,
          0.,          0.,          0.,          1.        ],
        image_dimension: [512, 512],
        distortion_coefficients: [0.0034003170790442797, 0.001766278153469831, -0.00266312569781606, 0.0003299517423931039],
        distortion_type: equidistant,
        focal_length: [190.44236969414825, 190.4344384721956],
        principal_point: [252.59949716835982, 254.91723064636983]} 

camera_params:
    camera_rate: 20 # just to manage the expectations of when there should be frames arriving
    sigma_absolute_translation: 0.0 # The standard deviation of the camera extrinsics translation, e.g. 1.0e-10 for online-calib [m].
    sigma_absolute_orientation: 0.0 # The standard deviation of the camera extrinsics orientation, e.g. 1.0e-3 for online-calib [rad].
    sigma_c_relative_translation: 0.0 # The std. dev. of the cam. extr. transl. change between frames, e.g. 1.0e-6 for adaptive online calib (not less for numerics) [m].
    sigma_c_relative_orientation: 0.0 # The std. dev. of the cam. extr. orient. change between frames, e.g. 1.0e-6 for adaptive online calib (not less for numerics) [rad].
    timestamp_tolerance: 0.005 # [s] stereo frame out-of-sync tolerance

imu_params:
    a_max: 176.0 # acceleration saturation [m/s^2]
    g_max: 7.8 # gyro saturation [rad/s]
    sigma_g_c: 0.004 #12.0e-4 # gyro noise density [rad/s/sqrt(Hz)]
    sigma_a_c: 0.07 #8.0e-3 # accelerometer noise density [m/s^2/sqrt(Hz)]
    sigma_bg: 0.01 # gyro bias prior [rad/s]
    sigma_ba: 0.01 # accelerometer bias prior [m/s^2]
    sigma_gw_c: 0.00044 # gyro drift noise density [rad/s^s/sqrt(Hz)]
    sigma_aw_c: 0.006 # accelerometer drift noise density [m/s^2/sqrt(Hz)]
    # Local gravity at 85748 Garching, Germany (latitude: 48.262768, elevation: 481m), according to https://www.sensorsone.com/local-gravity-calculator/
    g: 9.80766 # Earth's acceleration due to gravity [m/s^2]
    a0: [ 0.0441545,   -0.0260651,   -0.0283834 ] # Accelerometer bias [m/s^2]
    #a0: [ 0.00360974476144987,   -0.0102070272676367,   -0.0305450386273033]
    imu_rate: 200
    tau: 3600.0 # reversion time constant, currently not in use [s]
    g0: [ 0.0, 0.0, 0.0 ] # initial gyro bias [rad/s]
    # tranform Body-Sensor (IMU)
    T_BS:
        [1.0000, 0.0000, 0.0000, 0.0000,
         0.0000, 1.0000, 0.0000, 0.0000,
         0.0000, 0.0000, 1.0000, 0.0000,
         0.0000, 0.0000, 0.0000, 1.0000]

# Estimator parameters
numKeyframes: 5 # number of keyframes in optimisation window
numImuFrames: 3 # number of frames linked by most recent nonlinear IMU error terms

# ceres optimization options
ceres_options:
    minIterations: 3   # minimum number of iterations always performed
    maxIterations: 10  # never do more than these, even if not converged
    timeLimit: 0.035   # [s] negative values will set the an unlimited time limit

# detection
detection_options:
    threshold: 36.0      # detection threshold. By default the uniformity radius in pixels
    octaves: 0           # number of octaves for detection. 0 means single-scale at highest resolution
    maxNoKeypoints: 800  # restrict to a maximum of this many keypoints per image (strongest ones)

# delay of images [s]:
imageDelay: 0.0  # in case you are using a custom setup, you will have to calibrate this. 0 for the VISensor.

# display debug images?
displayImages: true  # displays debug video and keyframe matches. May be slow.

# use direct driver
useDriver: true 

# some options for how and what to publish -- optional in ROS-free version
publishing_options:
    publish_rate: 200                  # rate at which odometry updates are published only works properly if imu_rate/publish_rate is an integer!!
    publishLandmarks: true             # select, if you want to publish landmarks at all
    landmarkQualityThreshold: 1.0e-2   # landmark with lower quality will not be published
    maximumLandmarkQuality: 0.05       # landmark with higher quality will be published with the maximum colour intensity
    maxPathLength: 20                  # maximum length of the published path
    publishImuPropagatedState: false    # Should the state that is propagated with IMU messages be published? Or just the optimized ones?
    # provide custom World frame Wc
    T_Wc_W:
        [1.0000, 0.0000, 0.0000, 0.0000,
         0.0000, 1.0000, 0.0000, 0.0000,
         0.0000, 0.0000, 1.0000, 0.0000,
         0.0000, 0.0000, 0.0000, 1.0000]
    trackedBodyFrame: B                # B or S, the frame of reference that will be expressed relative to the selected worldFrame
    velocitiesFrame: Wc                # Wc, B or S,  the frames in which the velocities of the selected trackedBodyFrame will be expressed in

